
Subject: impulsi NCT
From: Terranova David <david.terranova@igi.cnr.it>
Date: 15.02.2019 15:44
To: CAVAZZANA Roberto <roberto.cavazzana@igi.cnr.it>

tra 50 e 250 ms
30828
30827
30826
30825
30822
30818
30816
30810
30809
30808
30807
30804
30803
30802
30801
30798
30797
30796
30791
30788
30786
30784
30778
30776
30775

30011 0.040 0.260
28825 0.040 0.260
28837 0.040 0.300
28838 0.040 0.300
28841 0.040 0.300
28839 0.040 0.300
31393 0.045 0.080
31418 0.045 0.132
31450 0.075 0.245
31452 0.050 0.125
31458 0.115 0.300

30748 0.055 0.310
30750 0.030 0.320
30757 0.040 0.300
30775 0.040 0.250
30808 0.070 0.300
30809 0.045 0.340
30810 0.050 0.300
30818 0.050 0.350
30822 0.040 0.380
30828 0.040 0.340
30833 0.050 0.235
30703 0.040 0.300
30709 0.040 0.300
30711 0.050 0.250
30712 0.040 0.200
30713 0.040 0.250
30714 0.050 0.275
30715 0.050 0.280
30716 0.050 0.310
30730 0.040 0.210
30734 0.045 0.310

30674 0.0825 0.1320
30675 0.0698 0.1504
30676 0.0973 0.1118
30677 0.066  0.1194
30678 0.0740 0.1095
30679 0.0466 0.0692
30680 0.0523 0.1203
30681 0.038  0.1204
30923 0.0448 0.1112
30924 0.4838 0.0983
30925 0.0483 0.1107
30926 0.037  0.1085
30927 0.037  0.106
30928 0.0909 0.1104
30930 0.0357 0.1400
30932 0.0445 0.1520
33015 0.0740 0.2389
33026 0.0612 0.2469
33030 0.0580 0.2145
33017 0.0668 0.2458
33029 0.0647 0.2370
33035 0.0584 0.2309
33020 0.0577 0.1228
33033 0.055  0.1480
34009 0.1055 0.2559
34010 0.0738 0.1988
34006 0.0994 0.2328
34008 0.124  0.2489
35209 0.0947 0.1217
35197 0.0597 0.1047
36233 0.0644 0.1394
36239 0.0866 0.1421
36240 0.0600 0.1497
36245 0.0632 0.1503
36246 0.078  0.1495
36221 0.0682 0.1448
36223 0.0707 0.1502


